45 45 1 63
1 1 2 3 4 5 1 2 3 4 5 1 2 3 4 5 1 2 3 4 5 1 2 334 5 1 2 3 4 5 1 2 3 4 5 1 2 3 4 5 1 2 3 4 5 5 
1 1 2 3 4 5 1 2 3 4 5 1 2 3 4 5 1 2 3 4 5 1 2 334 5 1 2 3 4 5 1 2 3 4 5 1 2 3 4 5 1 2 3 4 5 5 
1 1 2 3 4 5 1 2 3 4 5 1 2 3 4 5 1 2 3 4 5 1 3233345 1 2 3 4 5 1 2 3 4 5 1 2 3 4 5 1 2 3 4 5 5 
1 1 2 3 4 5 1 2 3 4 5 1 2 3 4 5 1 2 3 4 5 30323534351 2 3 4 5 1 2 3 4 5 1 2 3 4 5 1 2 3 4 5 5 
1 1 2 3 4 5 1 2 3 4 5 1 2 3 4 5 1 2 3 4 353132333435312 3 4 5 1 2 3 4 5 1 2 3 4 5 1 2 3 4 5 5 
1 1 2 3 4 5 1 2 3 4 5 1 2 3 4 5 1 2 3 3435313233343531323 4 5 1 2 3 4 5 1 2 3 4 5 1 2 3 4 5 5 
1 1 2 3 4 5 1 2 3 4 5 1 2 3 4 5 1 2 33343531323334353132334 5 1 2 3 4 5 1 2 3 4 5 1 2 3 4 5 5 
1 1 2 3 4 5 1 2 3 4 5 1 2 3 4 5 1 323334353132333435313233345 1 2 3 4 5 1 2 3 4 5 1 2 3 4 5 5 
1 1 2 3 4 5 1 2 3 4 3531323334353132333435313233343531323334353132333435312 3 4 5 1 2 3 4 5 5 
1 1 2 3 4 5 1 2 3 4 3531323334353132333435313233343531323334353132333435312 3 4 5 1 2 3 4 5 5 
1 1 2 3 4 5 1 2 3 4 3531323334353132333435313233343531323334353132333435312 3 4 5 1 2 3 4 5 5 
1 1 2 3 4 5 1 2 3 4 3531323334353132333435313233343531323334353132333435312 3 4 5 1 2 3 4 5 5 
1 1 2 3 4 5 1 2 3 4 3531323334353132333435313233343531323334353132333435312 3 4 5 1 2 3 4 5 5 
1 1 2 3 4 5 1 2 3 4 3531323334353132333435313233343531323334353132333435312 3 4 5 1 2 3 4 5 5 
1 1 2 3 4 5 1 2 3 4 3531323334353132333435313233343531323334353132333435312 3 4 5 1 2 3 4 5 5 
1 1 2 3 4 5 1 2 3 34353132333435313233343531323334353132333435313233343531323 4 5 1 2 3 4 5 5 
1 1 2 3 4 5 1 2 333435313233343531323334353132333435313233343531323334353132334 5 1 2 3 4 5 5 
1 1 2 3 4 5 1 3233343531323334353132333435313233343531323334353132333435313233345 1 2 3 4 5 5 
1 1 2 3 4 5 31323334353132333435313233343531323334353132333435313233343531323334351 2 3 4 5 5 
1 1 2 3 4 353132333435313233343531323334353132333435313233343531323334353132333435312 3 4 5 5 
1 1 2 3 3435313233343531323334353132333435313233343531323334353132333435313233343531323 4 5 5 
1 1 2 33343531323334353132333435313233343531323334353132333435313233343531323334353132334 5 5 
1 1 323334353132333435313233343531323334353132333435313233343531323334353132333435313233345 5 
3131323334353132333435313233343531323334353132333435313233343531323334353132333435313233343535
1 1 323334353132333435313233343531323334353132333435313233343531323334353132333435313233345 5 
1 1 2 33343531323334353132333435313233343531323334353132333435313233343531323334353132334 5 5 
1 1 2 3 3435313233343531323334353132333435313233343531323334353132333435313233343531323 4 5 5 
1 1 2 3 4 353132333435313233343531323334353132333435313233343531323334353132333435312 3 4 5 5 
1 1 2 3 4 5 31323334353132333435313233343531323334353132333435313233343531323334351 2 3 4 5 5 
1 1 2 3 4 5 1 3233343531323334353132333435313233343531323334353132333435313233345 1 2 3 4 5 5 
1 1 2 3 4 5 1 2 333435313233343531323334353132333435313233343531323334353132334 5 1 2 3 4 5 5 
1 1 2 3 4 5 1 2 3 34353132333435313233343531323334353132333435313233343531323 4 5 1 2 3 4 5 5 
1 1 2 3 4 5 1 2 3 4 3531323334353132333435313233343531323334353132333435312 3 4 5 1 2 3 4 5 5 
1 1 2 3 4 5 1 2 3 4 3531323334353132333435313233343531323334353132333435312 3 4 5 1 2 3 4 5 5 
1 1 2 3 4 5 1 2 3 4 3531323334353132333435313233343531323334353132333435312 3 4 5 1 2 3 4 5 5 
1 1 2 3 4 5 1 2 3 4 3531323334353132333435313233343531323334353132333435312 3 4 5 1 2 3 4 5 5 
1 1 2 3 4 5 1 2 3 4 3531323334353132333435313233343531323334353132333435312 3 4 5 1 2 3 4 5 5 
1 1 2 3 4 5 1 2 3 4 3531323334353132333435313233343531323334353132333435312 3 4 5 1 2 3 4 5 5 
1 1 2 3 4 5 1 2 3 4 3531323334353132333435313233343531323334353132333435312 3 4 5 1 2 3 4 5 5 
1 1 2 3 4 5 1 2 3 4 5 1 2 3 4 5 1 323334353132333435313233345 1 2 3 4 5 1 2 3 4 5 1 2 3 4 5 5 
1 1 2 3 4 5 1 2 3 4 5 1 2 3 4 5 1 2 33343531323334353132334 5 1 2 3 4 5 1 2 3 4 5 1 2 3 4 5 5 
1 1 2 3 4 5 1 2 3 4 5 1 2 3 4 5 1 2 3 3435313233343531323 4 5 1 2 3 4 5 1 2 3 4 5 1 2 3 4 5 5 
1 1 2 3 4 5 1 2 3 4 5 1 2 3 4 5 1 2 3 4 353132333435312 3 4 5 1 2 3 4 5 1 2 3 4 5 1 2 3 4 5 5 
1 1 2 3 4 5 1 2 3 4 5 1 2 3 4 5 1 2 3 4 5 31323334351 2 3 4 5 1 2 3 4 5 1 2 3 4 5 1 2 3 4 5 5 
1 1 2 3 4 5 1 2 3 4 5 1 2 3 4 5 1 2 3 4 5 1 3233345 1 2 3 4 5 1 2 3 4 5 1 2 3 4 5 1 2 3 4 5 5 
1 1 2 3 4 5 1 2 3 4 5 1 2 3 4 5 1 2 3 4 5 1 2 334 5 1 2 3 4 5 1 2 3 4 5 1 2 3 4 5 1 2 3 4 5 5 
1 1 2 3 4 5 1 2 3 4 5 1 2 3 4 5 1 2 3 4 5 1 2 334 5 1 2 3 4 5 1 2 3 4 5 1 2 3 4 5 1 2 3 4 5 5 
45 45 0 1
00000000000000000000000100000000000000000000000
00000000000000000000000100000000000000000000000
00000000000000000000001110000000000000000000000
00000000000000000000011111000000000000000000000
00000000000000000000111111100000000000000000000
00000000000000000001111111110000000000000000000
00000000000000000011111111111000000000000000000
00000000000000000111111111111100000000000000000
00000000001111111111111111111111111110000000000
00000000001111111111111111111111111110000000000
00000000001111111111111111111111111110000000000
00000000001111111111111111111111111110000000000
00000000001111111111111111111111111110000000000
00000000001111111111111111111111111110000000000
00000000001111111111111111111111111110000000000
00000000011111111111111111111111111111000000000
00000000111111111111111111111111111111100000000
00000001111111111111111111111111111111110000000
00000011111111111111111111111111111111111000000
00000111111111111111111111111111111111111100000
00001111111111111111111111111111111111111110000
00011111111111111111111111111111111111111111000
00111111111111111111111111111111111111111111100
11111111111111111111111111111111111111111111111
00111111111111111111111111111111111111111111100
00011111111111111111111111111111111111111111000
00001111111111111111111111111111111111111110000
00000111111111111111111111111111111111111100000
00000011111111111111111111111111111111111000000
00000001111111111111111111111111111111110000000
00000000111111111111111111111111111111100000000
00000000011111111111111111111111111111000000000
00000000001111111111111111111111111110000000000
00000000001111111111111111111111111110000000000
00000000001111111111111111111111111110000000000
00000000001111111111111111111111111110000000000
00000000001111111111111111111111111110000000000
00000000001111111111111111111111111110000000000
00000000001111111111111111111111111110000000000
00000000000000000111111111111100000000000000000
00000000000000000011111111111000000000000000000
00000000000000000001111111110000000000000000000
00000000000000000000111111100000000000000000000
00000000000000000000011111000000000000000000000
00000000000000000000001110000000000000000000000
00000000000000000000000100000000000000000000000
00000000000000000000000100000000000000000000000
45 45 1 63
0 0 0 0 0 0 0 0 0 0 0 0 0 0 0 0 0 0 0 0 0 0 0 0 0 0 0 0 0 0 0 0 0 0 0 0 0 0 0 0 0 0 0 0 0 0 0 
0 1 2 3 3 4 2 2 3 3 4 2 2 3 3 4 2 2 3 3 6 3 3 332 6 2 2 3 3 4 2 2 3 3 4 2 2 3 3 4 2 2 3 4 4 0 
0 1 2 3 3 4 2 2 3 3 4 2 2 3 3 4 2 2 3 3 4 3 3233336 2 2 3 3 4 2 2 3 3 4 2 2 3 3 4 2 2 3 4 4 0 
0 1 2 3 3 4 2 2 3 3 4 2 2 3 3 4 2 2 3 3 4 32323433342 2 3 5 4 2 2 3 3 4 2 2 3 3 4 2 2 3 4 4 0 
0 1 2 3 3 4 2 2 3 3 4 2 2 3 3 4 2 2 3 3 333232333334322 3 3 6 2 2 3 3 4 2 2 3 3 4 2 2 3 4 4 0 
0 1 2 3 3 4 2 2 3 3 4 2 2 3 3 5 2 2 3 3333323233333432323 3 4 2 2 3 3 4 2 2 3 3 4 2 2 3 4 4 0 
0 1 2 3 3 4 2 2 3 3 5 2 2 3 5 6 2 2 33333432323333343232333 5 2 2 3 5 6 2 2 3 3 4 2 2 3 4 4 0 
0 1 2 3 3 4 2 2 3 3 4 2 2 3 3 4 2 323333343232333334323233333 2 2 3 3 5 2 2 3 3 4 2 2 3 4 4 0 
0 1 2 3 3 4 2 2 3 3 3232323333343232333334323233333432323333343232333334332 3 3 4 2 2 3 4 4 0 
0 1 2 3 3 4 2 2 3 3 3232323333343232333334323233333432323333343232333334303 3 3 4 2 2 3 4 4 0 
0 1 2 3 3 4 2 2 2 3 3232323333343232333334323233333432323333343232333334333 4 3 4 2 2 3 4 4 0 
0 1 2 3 3 4 2 2 2 3 3232323333343232333334323233333432323333343232333334333 4 3 4 2 2 3 4 4 0 
0 1 2 3 3 4 2 2 2 3 3232323333343232333334323233333432323333343232333334333 4 3 4 2 2 3 4 4 0 
0 1 2 3 3 4 2 2 2 3 3232323333343232333334323233333432323333343232333334333 4 5 4 2 2 3 4 4 0 
0 1 2 3 3 4 2 2 2 3 3332323333343232333334323233333432323333343232333334323 4 3 6 2 2 3 4 4 0 
0 1 2 3 3 5 2 2 2 33333232333334323233333432323333343232333334323233333432324 3 4 2 2 3 4 4 0 
0 1 2 3 3 4 2 2 333334323233333432323333343232333334323233333432323333343232333 6 2 2 3 4 4 0 
0 1 2 3 3 4 2 3233333432323333343232333334323233333432323333343232333334323233333 2 2 3 4 4 0 
0 1 2 3 3 4 32323333343232333334323233333432323333343232333334323233333432323333342 2 3 4 4 0 
0 1 2 3 3 333232333334323233333432323333343232333334323233333432323333343232333334322 3 4 6 0 
0 1 2 3 3333323233333432323333343232333334323233333432323333343232333334323233333432323 4 4 0 
0 1 2 33333432323333343232333334323233333432323333343232333334323233333432323333343232334 4 0 
0 1 333433343232333334323233333432323333343232333334323233333432323333343232333334323232334 0 
0 3233343334323233333432323333343232333334323233333432323333343232333334323233333432323232330 
0 1 333433343232333334323233333432323333343232333334323233333432323333343232333334323232334 0 
0 1 2 33333430323333343232333334323233333432323333343232333334323233333432323333343232334 4 0 
0 1 2 3 3333323233333432323333343232333334323233333432323333343232333334323233333432323 4 4 0 
0 1 2 3 3 333232333334323233333432323333343232333334323233333432323333343232333334322 3 4 4 0 
0 1 2 3 3 4 32323333343232333334323233333432323333343232333334323233333432323333342 2 3 4 4 0 
0 1 2 3 3 6 2 3233333432323333343232333334323233333432323333343232333334323233333 2 2 3 4 4 0 
0 1 2 3 3 4 2 2 333334303233333432323333343232333334323233333432323333343232333 6 2 2 3 4 4 0 
0 1 2 3 3 5 2 2 2 33333232333334323233333432323333343232333334323233333432324 3 4 2 2 3 4 4 0 
0 1 2 3 3 4 2 2 2 3 3332323333343232333334323233333432323333343232333334323 4 3 6 2 2 3 4 4 0 
0 1 2 3 3 4 2 2 2 3 3232323333343232333334323233333432323333343232333334333 4 3 4 2 2 3 4 4 0 
0 1 2 3 3 4 2 2 2 3 3232323333343232333334323233333432323333343232333334333 4 3 4 2 2 3 4 4 0 
0 1 2 3 3 4 2 2 2 3 3232323333343232333334323233333432323333343232333334333 4 3 4 2 2 3 4 4 0 
0 1 2 3 3 4 2 2 2 3 3232323333343232333334323233333432323333343232333334333 4 3 4 2 2 3 4 4 0 
0 1 2 3 3 4 2 2 3 3 3232323333343032333334323233333432323333343232333334303 3 3 4 2 2 3 4 4 0 
0 1 2 3 3 4 2 2 3 3 3232323333343232333334323233333432323333343232333334332 3 3 4 2 2 3 4 4 0 
0 1 2 3 3 4 2 2 3 3 4 2 2 3 3 6 2 323333343232333334323233333 2 2 3 3 5 2 2 3 3 4 2 2 3 4 4 0 
0 1 2 3 3 4 2 2 3 3 5 2 2 3 3 6 2 2 33333430323333343232333 5 2 2 3 3 6 2 2 3 3 4 2 2 3 4 4 0 
0 1 2 3 3 4 2 2 3 3 4 2 2 3 3 5 2 2 3 3333323233333432323 3 4 2 2 3 3 4 2 2 3 3 4 2 2 3 4 4 0 
0 1 2 3 3 4 2 2 3 3 4 2 2 3 3 4 2 2 3 3 333232333334322 3 3 6 2 2 3 3 4 2 2 3 3 4 2 2 3 4 4 0 
0 1 2 3 3 4 2 2 3 3 4 2 2 3 3 4 2 2 3 3 4 32323333342 2 3 3 4 2 2 3 3 4 2 2 3 3 4 2 2 3 4 4 0 
0 1 2 3 3 4 2 2 3 3 4 2 2 3 3 4 2 2 3 3 6 3 3233336 2 2 3 3 4 2 2 3 3 4 2 2 3 3 4 2 2 3 4 4 0 
0 1 2 3 3 4 2 2 3 3 4 2 2 3 3 4 2 2 3 3 6 3 3 332 6 2 2 3 3 4 2 2 3 3 4 2 2 3 3 4 2 2 3 4 4 0 
0 0 0 0 0 0 0 0 0 0 0 0 0 0 0 0 0 0 0 0 0 0 0 0 0 0 0 0 0 0 0 0 0 0 0 0 0 0 0 0 0 0 0 0 0 0 0 
45 45 0 1
00000000000000000000000000000000000000000000000
00000000000000000000000100000000000000000000000
00000000000000000000001110000000000000000000000
00000000000000000000011111000000000000000000000
00000000000000000000111111100000000000000000000
00000000000000000001111111110000000000000000000
00000000000000000011111111111000000000000000000
00000000000000000111111111111100000000000000000
00000000001111111111111111111111111110000000000
00000000001111111111111111111111111110000000000
00000000001111111111111111111111111110000000000
00000000001111111111111111111111111110000000000
00000000001111111111111111111111111110000000000
00000000001111111111111111111111111110000000000
00000000001111111111111111111111111110000000000
00000000011111111111111111111111111111000000000
00000000111111111111111111111111111111100000000
00000001111111111111111111111111111111110000000
00000011111111111111111111111111111111111000000
00000111111111111111111111111111111111111100000
00001111111111111111111111111111111111111110000
00011111111111111111111111111111111111111111000
00111111111111111111111111111111111111111111100
01111111111111111111111111111111111111111111110
00111111111111111111111111111111111111111111100
00011111111111111111111111111111111111111111000
00001111111111111111111111111111111111111110000
00000111111111111111111111111111111111111100000
00000011111111111111111111111111111111111000000
00000001111111111111111111111111111111110000000
00000000111111111111111111111111111111100000000
00000000011111111111111111111111111111000000000
00000000001111111111111111111111111110000000000
00000000001111111111111111111111111110000000000
00000000001111111111111111111111111110000000000
00000000001111111111111111111111111110000000000
00000000001111111111111111111111111110000000000
00000000001111111111111111111111111110000000000
00000000001111111111111111111111111110000000000
00000000000000000111111111111100000000000000000
00000000000000000011111111111000000000000000000
00000000000000000001111111110000000000000000000
00000000000000000000111111100000000000000000000
00000000000000000000011111000000000000000000000
00000000000000000000001110000000000000000000000
00000000000000000000000100000000000000000000000
00000000000000000000000000000000000000000000000
